-THEREDDKING-,Allendale FTC Qualifier,12/03/16 08:02:19 PM,Michigan
Q-1|6070,5384|9087,6043|15,-1,-1,-1,-1|90,-1,-1,-1,-1
Q-2|10037,11317|11531,8733|85,-1,-1,-1,-1|19,-1,-1,-1,-1
Q-3|5663,11228|11728,10024|75,-1,-1,-1,-1|0,-1,-1,-1,-1
Q-4|11851,11318|11616,11321|0,-1,-1,-1,-1|52,-1,-1,-1,-1
Q-5|10615,7772|7023,10474|56,-1,-1,-1,-1|102,-1,-1,-1,-1
Q-6|7254,7253|8932,11266|75,-1,-1,-1,-1|10,-1,-1,-1,-1
Q-7|5383,9404|10818,10255|67,-1,-1,-1,-1|110,-1,-1,-1,-1
Q-8|11987,8529|8027,11846|53,-1,-1,-1,-1|31,-1,-1,-1,-1
Q-9|5641,11228|9720,7911|10,-1,-1,-1,-1|76,-1,-1,-1,-1
Q-10|11321,6043|8932,10474|85,-1,-1,-1,-1|80,-1,-1,-1,-1
Q-11|11266,11616|9087,11317|87,-1,-1,-1,-1|30,-1,-1,-1,-1
Q-12|9404,7023|11987,11531|110,-1,-1,-1,-1|30,-1,-1,-1,-1
Q-13|9720,11851|5384,8529|4,-1,-1,-1,-1|65,-1,-1,-1,-1
Q-14|11728,7253|5383,5641|45,-1,-1,-1,-1|35,-1,-1,-1,-1
Q-15|10037,10818|7911,5663|115,-1,-1,-1,-1|55,-1,-1,-1,-1
Q-16|7772,10255|8027,11318|130,-1,-1,-1,-1|46,-1,-1,-1,-1
Q-17|11846,7254|10615,10024|55,-1,-1,-1,-1|16,-1,-1,-1,-1
Q-18|8733,8932|6070,11228|12,-1,-1,-1,-1|55,-1,-1,-1,-1
Q-19|11266,5641|10818,6043|55,-1,-1,-1,-1|85,-1,-1,-1,-1
Q-20|11616,7023|7911,10255|60,-1,-1,-1,-1|170,-1,-1,-1,-1
Q-21|11851,9087|11531,7253|29,-1,-1,-1,-1|63,-1,-1,-1,-1
Q-22|11987,10474|11728,5384|75,-1,-1,-1,-1|30,-1,-1,-1,-1
Q-23|9404,10615|11317,5663|5,-1,-1,-1,-1|40,-1,-1,-1,-1
Q-24|8529,6070|11318,10037|50,-1,-1,-1,-1|60,-1,-1,-1,-1
Q-25|11321,8027|7254,5383|105,-1,-1,-1,-1|80,-1,-1,-1,-1
Q-26|9720,8733|11846,7772|39,-1,-1,-1,-1|22,-1,-1,-1,-1
Q-27|10024,5384|5641,11531|40,-1,-1,-1,-1|21,-1,-1,-1,-1
Q-28|10818,11616|11987,7253|45,-1,-1,-1,-1|57,-1,-1,-1,-1
Q-29|8027,11317|11728,6070|10,-1,-1,-1,-1|35,-1,-1,-1,-1
Q-30|7254,5663|6043,11851|95,-1,-1,-1,-1|78,-1,-1,-1,-1
Q-31|5383,7911|7772,10024|85,-1,-1,-1,-1|55,-1,-1,-1,-1
Q-32|8733,9087|8529,9404|50,-1,-1,-1,-1|65,-1,-1,-1,-1
Q-33|10255,10474|11228,10037|155,-1,-1,-1,-1|85,-1,-1,-1,-1
Q-34|10615,11318|8932,9720|12,-1,-1,-1,-1|33,-1,-1,-1,-1
Q-35|11321,11846|7023,11266|55,-1,-1,-1,-1|70,-1,-1,-1,-1
Q-36|7911,5384|7254,9404|140,-1,-1,-1,-1|50,-1,-1,-1,-1
Q-37|8027,6043|10037,11616|125,-1,-1,-1,-1|65,-1,-1,-1,-1
Q-38|8529,8932|10255,5641|80,-1,-1,-1,-1|105,-1,-1,-1,-1
Q-39|11321,11531|6070,10615|9,-1,-1,-1,-1|60,-1,-1,-1,-1
Q-40|10024,11266|11318,8733|56,-1,-1,-1,-1|1,-1,-1,-1,-1
Q-41|11851,11728|7772,10818|24,-1,-1,-1,-1|20,-1,-1,-1,-1
Q-42|10474,5663|11846,9087|70,-1,-1,-1,-1|16,-1,-1,-1,-1
Q-43|7253,11317|7023,9720|145,-1,-1,-1,-1|100,-1,-1,-1,-1
Q-44|11228,11987|5383,11266|50,-1,-1,-1,-1|25,-1,-1,-1,-1
SF-1-1|10255,6043|11987,5383|170,-1,-1,-1,-1|16,-1,-1,-1,-1
SF-2-1|7253,7911|10474,8027|105,-1,-1,-1,-1|75,-1,-1,-1,-1
SF-1-2|10255,6043|11987,5383|165,-1,-1,-1,-1|42,-1,-1,-1,-1
SF-2-2|7253,7911|10474,8027|100,-1,-1,-1,-1|35,-1,-1,-1,-1
F-1|10255,6043|7253,7911|145,-1,-1,-1,-1|30,-1,-1,-1,-1
F-2|10255,6043|7253,7911|115,-1,-1,-1,-1|45,-1,-1,-1,-1
-THEREDDKING-,Bedford FTC Qualifier,12/10/16 08:11:06 PM,Michigan
Q-1|9301,8987|12181,5559|10,-1,-1,-1,-1|22,-1,-1,-1,-1
Q-2|7902,12111|11759,8416|110,-1,-1,-1,-1|10,-1,-1,-1,-1
Q-3|10636,8845|11899,6079|65,-1,-1,-1,-1|60,-1,-1,-1,-1
Q-4|5954,11196|10136,8579|75,-1,-1,-1,-1|85,-1,-1,-1,-1
Q-5|8777,10137|7085,10721|50,-1,-1,-1,-1|22,-1,-1,-1,-1
Q-6|10644,10020|12203,6134|85,-1,-1,-1,-1|21,-1,-1,-1,-1
Q-7|5237,11758|7215,12085|40,-1,-1,-1,-1|30,-1,-1,-1,-1
Q-8|9819,7857|8482,10645|95,-1,-1,-1,-1|65,-1,-1,-1,-1
Q-9|11520,7858|11394,7901|20,-1,-1,-1,-1|125,-1,-1,-1,-1
Q-10|11196,7085|10636,11759|40,-1,-1,-1,-1|5,-1,-1,-1,-1
Q-11|10721,8579|8845,5559|60,-1,-1,-1,-1|65,-1,-1,-1,-1
Q-12|5954,10137|5237,7902|57,-1,-1,-1,-1|85,-1,-1,-1,-1
Q-13|8416,8482|12181,10644|30,-1,-1,-1,-1|66,-1,-1,-1,-1
Q-14|12203,8777|9301,9819|12,-1,-1,-1,-1|120,-1,-1,-1,-1
Q-15|11394,10645|7215,10020|90,-1,-1,-1,-1|5,-1,-1,-1,-1
Q-16|10136,7857|8987,11520|35,-1,-1,-1,-1|88,-1,-1,-1,-1
Q-17|6134,6079|7901,11758|95,-1,-1,-1,-1|0,-1,-1,-1,-1
Q-18|7858,11899|12085,12111|0,-1,-1,-1,-1|30,-1,-1,-1,-1
Q-19|7902,12203|8845,11196|60,-1,-1,-1,-1|85,-1,-1,-1,-1
Q-20|10644,5954|9819,7085|100,-1,-1,-1,-1|85,-1,-1,-1,-1
Q-21|7215,11520|8482,11759|60,-1,-1,-1,-1|0,-1,-1,-1,-1
Q-22|11394,8416|6134,10137|120,-1,-1,-1,-1|35,-1,-1,-1,-1
Q-23|12111,12181|10636,7857|21,-1,-1,-1,-1|30,-1,-1,-1,-1
Q-24|5559,10136|8777,12085|80,-1,-1,-1,-1|20,-1,-1,-1,-1
Q-25|6079,5237|10645,10721|150,-1,-1,-1,-1|85,-1,-1,-1,-1
Q-26|9301,7901|8579,11899|10,-1,-1,-1,-1|100,-1,-1,-1,-1
Q-27|10020,8987|7858,11758|40,-1,-1,-1,-1|0,-1,-1,-1,-1
Q-28|12111,6134|11196,7215|35,-1,-1,-1,-1|40,-1,-1,-1,-1
Q-29|8482,10636|5954,12085|5,-1,-1,-1,-1|85,-1,-1,-1,-1
Q-30|11759,10721|10644,10136|26,-1,-1,-1,-1|105,-1,-1,-1,-1
Q-31|8579,7857|6079,8416|35,-1,-1,-1,-1|125,-1,-1,-1,-1
Q-32|10020,8777|11520,7902|16,-1,-1,-1,-1|105,-1,-1,-1,-1
Q-33|10645,11758|10137,9301|37,-1,-1,-1,-1|75,-1,-1,-1,-1
Q-34|8987,9819|11899,11394|80,-1,-1,-1,-1|110,-1,-1,-1,-1
Q-35|7901,5559|5237,12203|75,-1,-1,-1,-1|20,-1,-1,-1,-1
Q-36|7858,12181|8845,7085|21,-1,-1,-1,-1|115,-1,-1,-1,-1
Q-37|10636,6134|8579,11520|40,-1,-1,-1,-1|135,-1,-1,-1,-1
Q-38|9301,6079|10020,5954|80,-1,-1,-1,-1|70,-1,-1,-1,-1
Q-39|11899,7215|8777,8416|25,-1,-1,-1,-1|71,-1,-1,-1,-1
Q-40|7902,12085|10721,7901|120,-1,-1,-1,-1|20,-1,-1,-1,-1
Q-41|11759,8845|10137,8987|50,-1,-1,-1,-1|87,-1,-1,-1,-1
Q-42|5237,11196|8482,7858|80,-1,-1,-1,-1|5,-1,-1,-1,-1
Q-43|11394,10644|5559,7857|105,-1,-1,-1,-1|10,-1,-1,-1,-1
Q-44|10136,9819|12181,11758|170,-1,-1,-1,-1|1,-1,-1,-1,-1
Q-45|10645,7085|12203,12111|25,-1,-1,-1,-1|20,-1,-1,-1,-1
SF-1-1|10644,11394|11196,8579|155,-1,-1,-1,-1|60,-1,-1,-1,-1
SF-1-2|10644,11394|11196,8579|85,-1,-1,-1,-1|20,-1,-1,-1,-1
SF-2-1|8845,5237|6079,5954|105,-1,-1,-1,-1|95,-1,-1,-1,-1
SF-2-2|8845,5237|6079,5954|35,-1,-1,-1,-1|170,-1,-1,-1,-1
SF-2-3|8845,5237|6079,5954|85,-1,-1,-1,-1|120,-1,-1,-1,-1
F-1|10644,11394|6079,5954|165,-1,-1,-1,-1|155,-1,-1,-1,-1
F-2|10644,11394|6079,5954|60,-1,-1,-1,-1|185,-1,-1,-1,-1
F-3|10644,11394|6079,5954|120,-1,-1,-1,-1|125,-1,-1,-1,-1
-THEREDDKING-,Big Rapids FTC Qualifier,11/05/16 06:20:51 PM,Michigan
Q-1|10319,5960|6482,9087|5,-1,-1,-1,-1|55,-1,-1,-1,-1
Q-2|5385,11153|7238,11940|60,-1,-1,-1,-1|9,-1,-1,-1,-1
Q-3|10024,7911|11266,5292|105,-1,-1,-1,-1|17,-1,-1,-1,-1
Q-4|11217,6043|9133,10031|101,-1,-1,-1,-1|11,-1,-1,-1,-1
Q-5|7837,10104|9476,11616|35,-1,-1,-1,-1|20,-1,-1,-1,-1
Q-6|9499,6494|5391,5618|111,-1,-1,-1,-1|120,-1,-1,-1,-1
Q-7|9087,10031|5385,11266|15,-1,-1,-1,-1|66,-1,-1,-1,-1
Q-8|10104,10319|11217,11153|15,-1,-1,-1,-1|60,-1,-1,-1,-1
Q-9|11940,7837|6494,10024|111,-1,-1,-1,-1|50,-1,-1,-1,-1
Q-10|6482,5618|9133,7238|115,-1,-1,-1,-1|28,-1,-1,-1,-1
Q-11|11616,5960|5391,5292|83,-1,-1,-1,-1|76,-1,-1,-1,-1
Q-12|9499,7911|9476,6043|55,-1,-1,-1,-1|50,-1,-1,-1,-1
Q-13|11266,7238|7837,10319|45,-1,-1,-1,-1|50,-1,-1,-1,-1
Q-14|11940,5292|10104,10031|31,-1,-1,-1,-1|43,-1,-1,-1,-1
Q-15|5391,6043|10024,5385|95,-1,-1,-1,-1|85,-1,-1,-1,-1
Q-16|5960,11153|7911,5618|0,-1,-1,-1,-1|130,-1,-1,-1,-1
Q-17|11217,9476|6482,6494|25,-1,-1,-1,-1|120,-1,-1,-1,-1
Q-18|11616,9133|9087,9499|8,-1,-1,-1,-1|50,-1,-1,-1,-1
Q-19|7238,10104|5960,6043|47,-1,-1,-1,-1|60,-1,-1,-1,-1
Q-20|7911,5385|11217,7837|125,-1,-1,-1,-1|100,-1,-1,-1,-1
Q-21|11940,5618|10319,11616|95,-1,-1,-1,-1|30,-1,-1,-1,-1
Q-22|6482,10024|9499,10031|45,-1,-1,-1,-1|35,-1,-1,-1,-1
Q-23|11153,6494|5292,9087|105,-1,-1,-1,-1|40,-1,-1,-1,-1
Q-24|9133,5391|9476,11266|105,-1,-1,-1,-1|31,-1,-1,-1,-1
Q-25|11217,9499|5960,11940|40,-1,-1,-1,-1|35,-1,-1,-1,-1
Q-26|5292,6043|7837,5618|60,-1,-1,-1,-1|100,-1,-1,-1,-1
Q-27|10031,5391|7911,10319|130,-1,-1,-1,-1|10,-1,-1,-1,-1
Q-28|6482,11266|11153,11616|65,-1,-1,-1,-1|45,-1,-1,-1,-1
Q-29|7238,9476|10024,9087|7,-1,-1,-1,-1|65,-1,-1,-1,-1
Q-30|5385,9133|6494,10104|76,-1,-1,-1,-1|85,-1,-1,-1,-1
SF-1-1|5618,6494|7837,6043|95,-1,-1,-1,-1|25,-1,-1,-1,-1
SF-2-1|6482,7911|5391,5385|40,-1,-1,-1,-1|130,-1,-1,-1,-1
SF-1-2|5618,6494|7837,6043|150,-1,-1,-1,-1|115,-1,-1,-1,-1
SF-2-2|6482,7911|5391,5385|110,-1,-1,-1,-1|65,-1,-1,-1,-1
SF-2-3|6482,7911|5391,5385|105,-1,-1,-1,-1|60,-1,-1,-1,-1
F-1|5618,6494|6482,7911|45,-1,-1,-1,-1|75,-1,-1,-1,-1
F-2|5618,6494|6482,7911|75,-1,-1,-1,-1|30,-1,-1,-1,-1
F-3|5618,6494|6482,7911|135,-1,-1,-1,-1|45,-1,-1,-1,-1
-THEREDDKING-,Canton_FTC_Qualifier,11/05/16 05:56:40 PM,Michigan
Q-1|10477,7325|7901,7255|0,-1,-1,-1,-1|31,-1,-1,-1,-1
Q-2|5289,8511|12111,11769|85,-1,-1,-1,-1|6,-1,-1,-1,-1
Q-3|8753,11933|10425,9842|40,-1,-1,-1,-1|0,-1,-1,-1,-1
Q-4|5237,7902|10262,8603|80,-1,-1,-1,-1|40,-1,-1,-1,-1
Q-5|9895,8579|7313,12085|40,-1,-1,-1,-1|1,-1,-1,-1,-1
Q-6|8492,7048|11679,7693|95,-1,-1,-1,-1|20,-1,-1,-1,-1
Q-7|10611,11759|7049,10035|10,-1,-1,-1,-1|70,-1,-1,-1,-1
Q-8|11932,9841|7043,10620|40,-1,-1,-1,-1|25,-1,-1,-1,-1
Q-9|11668,8603|10176,7901|10,-1,-1,-1,-1|27,-1,-1,-1,-1
Q-10|9842,11679|9895,5289|10,-1,-1,-1,-1|90,-1,-1,-1,-1
Q-11|5237,7313|7255,8511|37,-1,-1,-1,-1|80,-1,-1,-1,-1
Q-12|11932,10035|10425,7325|12,-1,-1,-1,-1|0,-1,-1,-1,-1
Q-13|7693,11759|7043,8579|31,-1,-1,-1,-1|70,-1,-1,-1,-1
Q-14|10477,11769|8753,10262|30,-1,-1,-1,-1|70,-1,-1,-1,-1
Q-15|12085,12111|7048,10620|30,-1,-1,-1,-1|25,-1,-1,-1,-1
Q-16|7902,10176|11933,10611|135,-1,-1,-1,-1|15,-1,-1,-1,-1
Q-17|9841,11668|8492,7049|6,-1,-1,-1,-1|102,-1,-1,-1,-1
Q-18|7255,11932|8603,7693|20,-1,-1,-1,-1|60,-1,-1,-1,-1
Q-19|9895,8753|11759,5237|20,-1,-1,-1,-1|62,-1,-1,-1,-1
Q-20|7043,9842|7901,7048|50,-1,-1,-1,-1|80,-1,-1,-1,-1
Q-21|8579,5289|11933,7049|45,-1,-1,-1,-1|11,-1,-1,-1,-1
Q-22|10620,10611|11668,7325|40,-1,-1,-1,-1|30,-1,-1,-1,-1
Q-23|11679,10262|7313,10176|50,-1,-1,-1,-1|76,-1,-1,-1,-1
Q-24|8492,10425|8511,7902|15,-1,-1,-1,-1|135,-1,-1,-1,-1
Q-25|12111,10035|10477,9841|20,-1,-1,-1,-1|65,-1,-1,-1,-1
Q-26|12085,11933|11769,5237|1,-1,-1,-1,-1|90,-1,-1,-1,-1
Q-27|9895,7043|10176,7325|10,-1,-1,-1,-1|115,-1,-1,-1,-1
Q-28|8492,7255|10611,8579|30,-1,-1,-1,-1|30,-1,-1,-1,-1
Q-29|7048,10425|10477,11668|50,-1,-1,-1,-1|90,-1,-1,-1,-1
Q-30|10620,11769|8603,11759|45,-1,-1,-1,-1|0,-1,-1,-1,-1
Q-31|10035,8511|11679,8753|10,-1,-1,-1,-1|55,-1,-1,-1,-1
Q-32|7693,9842|12085,7902|70,-1,-1,-1,-1|105,-1,-1,-1,-1
Q-33|12111,7049|7313,11932|1,-1,-1,-1,-1|60,-1,-1,-1,-1
Q-34|7901,5289|10262,9841|116,-1,-1,-1,-1|31,-1,-1,-1,-1
Q-35|7325,7048|8603,8511|55,-1,-1,-1,-1|40,-1,-1,-1,-1
Q-36|7693,10620|10035,5237|55,-1,-1,-1,-1|75,-1,-1,-1,-1
Q-37|8579,8753|7902,11668|0,-1,-1,-1,-1|80,-1,-1,-1,-1
Q-38|7049,10176|11769,10425|30,-1,-1,-1,-1|0,-1,-1,-1,-1
Q-39|7255,10262|11933,12111|85,-1,-1,-1,-1|11,-1,-1,-1,-1
Q-40|7313,8492|7043,5289|32,-1,-1,-1,-1|100,-1,-1,-1,-1
Q-41|7901,12085|11759,11679|32,-1,-1,-1,-1|37,-1,-1,-1,-1
Q-42|9842,10477|11932,10611|25,-1,-1,-1,-1|44,-1,-1,-1,-1
Q-43|9841,7255|9895,8603|0,-1,-1,-1,-1|55,-1,-1,-1,-1
SF-1-1|7902,5289|11932,7255|75,-1,-1,-1,-1|28,-1,-1,-1,-1
SF-2-1|10176,5237|7901,7048|50,-1,-1,-1,-1|75,-1,-1,-1,-1
SF-1-2|7902,5289|11932,7255|80,-1,-1,-1,-1|37,-1,-1,-1,-1
SF-2-2|10176,5237|7901,7048|25,-1,-1,-1,-1|76,-1,-1,-1,-1
F-1|7902,5289|7901,7048|65,-1,-1,-1,-1|50,-1,-1,-1,-1
F-2|7902,5289|7901,7048|70,-1,-1,-1,-1|40,-1,-1,-1,-1
-THEREDDKING-,Coloma FTC Qualifier,12/03/16 06:50:12 PM,Michigan
Q-1|9476,5449|5618,11254|35,-1,-1,-1,-1|20,-1,-1,-1,-1
Q-2|11855,11762|9883,9376|40,-1,-1,-1,-1|25,-1,-1,-1,-1
Q-3|9133,9855|10028,8513|40,-1,-1,-1,-1|35,-1,-1,-1,-1
Q-4|6494,10309|12101,7228|65,-1,-1,-1,-1|70,-1,-1,-1,-1
Q-5|5386,11786|11870,8553|95,-1,-1,-1,-1|40,-1,-1,-1,-1
Q-6|8239,11217|11714,9499|74,-1,-1,-1,-1|1,-1,-1,-1,-1
Q-7|10028,9376|6494,11254|45,-1,-1,-1,-1|55,-1,-1,-1,-1
Q-8|8553,9855|11762,7228|56,-1,-1,-1,-1|60,-1,-1,-1,-1
Q-9|5618,8239|9883,5386|98,-1,-1,-1,-1|60,-1,-1,-1,-1
Q-10|11855,9499|5449,10309|15,-1,-1,-1,-1|90,-1,-1,-1,-1
Q-11|11217,11870|12101,8513|85,-1,-1,-1,-1|60,-1,-1,-1,-1
Q-12|11714,9133|11786,9476|20,-1,-1,-1,-1|30,-1,-1,-1,-1
Q-13|5386,7228|9499,9376|90,-1,-1,-1,-1|40,-1,-1,-1,-1
Q-14|12101,9855|8239,11855|40,-1,-1,-1,-1|41,-1,-1,-1,-1
Q-15|8513,5618|11786,6494|110,-1,-1,-1,-1|25,-1,-1,-1,-1
Q-16|10028,9476|8553,11217|45,-1,-1,-1,-1|35,-1,-1,-1,-1
Q-17|10309,11714|11254,11762|48,-1,-1,-1,-1|55,-1,-1,-1,-1
Q-18|11870,9883|9133,5449|12,-1,-1,-1,-1|20,-1,-1,-1,-1
Q-19|7228,5618|11217,11855|50,-1,-1,-1,-1|30,-1,-1,-1,-1
Q-20|11762,8513|9476,5386|60,-1,-1,-1,-1|80,-1,-1,-1,-1
Q-21|8553,9376|5449,8239|140,-1,-1,-1,-1|28,-1,-1,-1,-1
Q-22|9499,11254|9133,12101|65,-1,-1,-1,-1|0,-1,-1,-1,-1
Q-23|6494,11870|9855,11714|100,-1,-1,-1,-1|22,-1,-1,-1,-1
Q-24|11786,9883|10028,10309|6,-1,-1,-1,-1|120,-1,-1,-1,-1
Q-25|11254,8513|7228,8239|85,-1,-1,-1,-1|166,-1,-1,-1,-1
Q-26|9133,5386|6494,11855|45,-1,-1,-1,-1|110,-1,-1,-1,-1
Q-27|9476,9376|10309,11870|15,-1,-1,-1,-1|85,-1,-1,-1,-1
Q-28|9499,11762|5618,10028|40,-1,-1,-1,-1|60,-1,-1,-1,-1
Q-29|9855,5449|11786,11217|10,-1,-1,-1,-1|45,-1,-1,-1,-1
Q-30|9883,12101|11714,8553|15,-1,-1,-1,-1|110,-1,-1,-1,-1
SF-1-1|7228,5386|9476,11254|125,-1,-1,-1,-1|150,-1,-1,-1,-1
SF-2-1|8239,6494|5618,11870|129,-1,-1,-1,-1|65,-1,-1,-1,-1
SF-1-2|7228,5386|9476,11254|30,-1,-1,-1,-1|70,-1,-1,-1,-1
SF-2-2|8239,6494|5618,11870|74,-1,-1,-1,-1|105,-1,-1,-1,-1
SF-2-3|8239,6494|5618,11870|110,-1,-1,-1,-1|95,-1,-1,-1,-1
F-1|9476,11254|8239,6494|95,-1,-1,-1,-1|97,-1,-1,-1,-1
F-2|9476,11254|8239,6494|80,-1,-1,-1,-1|47,-1,-1,-1,-1
F-3|9476,11254|8239,6494|125,-1,-1,-1,-1|60,-1,-1,-1,-1
-THEREDDKING-,Concord FTC Qualifier,12/10/16 06:15:23 PM,Michigan
Q-1|7445,9297|10813,9855|16,-1,-1,-1,-1|75,-1,-1,-1,-1
Q-2|7792,9458|7668,9895|0,-1,-1,-1,-1|60,-1,-1,-1,-1
Q-3|8734,5960|8656,6036|45,-1,-1,-1,-1|31,-1,-1,-1,-1
Q-4|8511,10678|7360,8206|10,-1,-1,-1,-1|71,-1,-1,-1,-1
Q-5|6359,11696|8142,7305|40,-1,-1,-1,-1|15,-1,-1,-1,-1
Q-6|7031,9624|11714,8553|0,-1,-1,-1,-1|65,-1,-1,-1,-1
Q-7|10540,7228|10735,6811|85,-1,-1,-1,-1|0,-1,-1,-1,-1
Q-8|7238,10176|7479,10552|90,-1,-1,-1,-1|65,-1,-1,-1,-1
Q-9|9070,8511|5960,7445|40,-1,-1,-1,-1|30,-1,-1,-1,-1
Q-10|10813,8553|9458,8656|120,-1,-1,-1,-1|0,-1,-1,-1,-1
Q-11|8206,6036|6359,10735|80,-1,-1,-1,-1|10,-1,-1,-1,-1
Q-12|7792,8734|7031,10540|90,-1,-1,-1,-1|10,-1,-1,-1,-1
Q-13|7360,9624|6811,10176|36,-1,-1,-1,-1|60,-1,-1,-1,-1
Q-14|11714,10552|9070,8142|35,-1,-1,-1,-1|10,-1,-1,-1,-1
Q-15|7238,9855|7228,7305|10,-1,-1,-1,-1|165,-1,-1,-1,-1
Q-16|9297,11696|7668,10678|30,-1,-1,-1,-1|65,-1,-1,-1,-1
Q-17|7479,8206|9895,5960|90,-1,-1,-1,-1|115,-1,-1,-1,-1
Q-18|8553,10552|7792,8511|65,-1,-1,-1,-1|20,-1,-1,-1,-1
Q-19|10735,8142|9458,9855|10,-1,-1,-1,-1|70,-1,-1,-1,-1
Q-20|7668,10813|6359,7360|90,-1,-1,-1,-1|20,-1,-1,-1,-1
Q-21|7031,6036|10176,7305|50,-1,-1,-1,-1|95,-1,-1,-1,-1
Q-22|9895,8656|10678,9624|20,-1,-1,-1,-1|47,-1,-1,-1,-1
Q-23|7479,11714|7445,10540|80,-1,-1,-1,-1|5,-1,-1,-1,-1
Q-24|6811,8734|11696,7238|50,-1,-1,-1,-1|0,-1,-1,-1,-1
Q-25|7228,9297|9070,7792|125,-1,-1,-1,-1|35,-1,-1,-1,-1
Q-26|8206,9624|10813,8142|80,-1,-1,-1,-1|45,-1,-1,-1,-1
Q-27|5960,10540|6359,10552|10,-1,-1,-1,-1|35,-1,-1,-1,-1
Q-28|7668,6811|7479,8511|40,-1,-1,-1,-1|55,-1,-1,-1,-1
Q-29|9070,8553|6036,7238|130,-1,-1,-1,-1|17,-1,-1,-1,-1
Q-30|7305,7360|10735,9297|45,-1,-1,-1,-1|24,-1,-1,-1,-1
Q-31|9458,10678|7031,7445|0,-1,-1,-1,-1|50,-1,-1,-1,-1
Q-32|9895,8734|7228,11714|111,-1,-1,-1,-1|110,-1,-1,-1,-1
Q-33|9855,8656|11696,10176|35,-1,-1,-1,-1|65,-1,-1,-1,-1
Q-34|8142,7792|5960,7360|31,-1,-1,-1,-1|60,-1,-1,-1,-1
Q-35|6036,10552|9624,9297|31,-1,-1,-1,-1|38,-1,-1,-1,-1
Q-36|10735,8511|7238,11714|30,-1,-1,-1,-1|10,-1,-1,-1,-1
Q-37|7445,10176|8553,8734|65,-1,-1,-1,-1|70,-1,-1,-1,-1
Q-38|10678,6359|9855,7479|15,-1,-1,-1,-1|45,-1,-1,-1,-1
Q-39|7305,9458|10540,9070|55,-1,-1,-1,-1|5,-1,-1,-1,-1
Q-40|7031,10813|9895,6811|70,-1,-1,-1,-1|60,-1,-1,-1,-1
Q-41|8656,7228|8206,7668|105,-1,-1,-1,-1|40,-1,-1,-1,-1
Q-42|8553,10735|11696,7792|35,-1,-1,-1,-1|15,-1,-1,-1,-1
SF-1-1|8734,7228|7305,8206|140,-1,-1,-1,-1|20,-1,-1,-1,-1
SF-2-1|8553,10813|10176,7668|140,-1,-1,-1,-1|55,-1,-1,-1,-1
SF-1-2|8734,7228|7305,8206|135,-1,-1,-1,-1|55,-1,-1,-1,-1
SF-2-2|8553,10813|10176,7668|150,-1,-1,-1,-1|30,-1,-1,-1,-1
F-1|8734,7228|8553,10813|100,-1,-1,-1,-1|100,-1,-1,-1,-1
F-2|8734,7228|8553,10813|160,-1,-1,-1,-1|155,-1,-1,-1,-1
F-3|8734,7228|8553,10813|195,-1,-1,-1,-1|80,-1,-1,-1,-1
-THEREDDKING-,Detroit Qualifer,12/10/16 04:58:05 PM,Michigan
Q-1|11176,12095|10856,11726|10,-1,-1,-1,-1|0,-1,-1,-1,-1
Q-2|8531,11432|8377,8376|80,-1,-1,-1,-1|10,-1,-1,-1,-1
Q-3|10210,12113|10280,9352|0,-1,-1,-1,-1|0,-1,-1,-1,-1
Q-4|12177,9572|12112,11438|55,-1,-1,-1,-1|35,-1,-1,-1,-1
Q-5|11432,12113|11013,12095|30,-1,-1,-1,-1|10,-1,-1,-1,-1
Q-6|12112,10856|10280,8377|0,-1,-1,-1,-1|40,-1,-1,-1,-1
Q-7|11013,12177|11726,8531|20,-1,-1,-1,-1|75,-1,-1,-1,-1
Q-8|8376,9352|11176,9572|10,-1,-1,-1,-1|100,-1,-1,-1,-1
Q-9|10210,12095|11438,12177|35,-1,-1,-1,-1|20,-1,-1,-1,-1
Q-10|11432,11013|10280,11176|35,-1,-1,-1,-1|20,-1,-1,-1,-1
Q-11|11726,9572|8377,12113|45,-1,-1,-1,-1|48,-1,-1,-1,-1
Q-12|9352,8531|11438,10856|40,-1,-1,-1,-1|40,-1,-1,-1,-1
Q-13|10210,12112|8376,11013|40,-1,-1,-1,-1|0,-1,-1,-1,-1
Q-14|8531,9572|10280,12095|80,-1,-1,-1,-1|20,-1,-1,-1,-1
Q-15|8377,11176|11438,10210|50,-1,-1,-1,-1|10,-1,-1,-1,-1
Q-16|11726,9352|12112,11432|20,-1,-1,-1,-1|40,-1,-1,-1,-1
Q-17|10856,8376|12177,12113|0,-1,-1,-1,-1|56,-1,-1,-1,-1
Q-18|11013,8377|9352,12095|25,-1,-1,-1,-1|30,-1,-1,-1,-1
Q-19|10856,11432|10210,9572|25,-1,-1,-1,-1|45,-1,-1,-1,-1
Q-20|11438,10280|11726,8376|45,-1,-1,-1,-1|15,-1,-1,-1,-1
Q-21|12112,11176|8531,12113|15,-1,-1,-1,-1|100,-1,-1,-1,-1
Q-22|12177,10280|11432,8377|2,-1,-1,-1,-1|45,-1,-1,-1,-1
SF-1-1|8531,9572|10210,12095|50,-1,-1,-1,-1|20,-1,-1,-1,-1
SF-2-1|12113,12177|11432,10280|22,-1,-1,-1,-1|40,-1,-1,-1,-1
SF-1-2|8531,9572|10210,12095|50,-1,-1,-1,-1|40,-1,-1,-1,-1
SF-2-2|12113,12177|11432,10280|44,-1,-1,-1,-1|20,-1,-1,-1,-1
SF-2-3|12113,12177|11432,10280|18,-1,-1,-1,-1|40,-1,-1,-1,-1
F-1|8531,9572|11432,10280|140,-1,-1,-1,-1|10,-1,-1,-1,-1
F-2|8531,9572|11432,10280|80,-1,-1,-1,-1|50,-1,-1,-1,-1
-THEREDDKING-,East Kentwood FTC Qualifier,12/10/16 07:38:12 PM,Michigan
Q-1|11987,11762|10818,6482|59,-1,-1,-1,-1|40,-1,-1,-1,-1
Q-2|9404,11851|11728,9221|28,-1,-1,-1,-1|25,-1,-1,-1,-1
Q-3|8529,5385|9366,6283|35,-1,-1,-1,-1|66,-1,-1,-1,-1
Q-4|5449,10031|11153,5980|37,-1,-1,-1,-1|85,-1,-1,-1,-1
Q-5|11999,5292|7023,8621|30,-1,-1,-1,-1|160,-1,-1,-1,-1
Q-6|5383,7772|5384,5411|60,-1,-1,-1,-1|130,-1,-1,-1,-1
Q-7|11885,11228|10319,11940|125,-1,-1,-1,-1|15,-1,-1,-1,-1
Q-8|10104,6070|10315,11846|50,-1,-1,-1,-1|66,-1,-1,-1,-1
Q-9|11727,11098|11559,5391|2,-1,-1,-1,-1|120,-1,-1,-1,-1
Q-10|9221,5980|9366,10818|65,-1,-1,-1,-1|1,-1,-1,-1,-1
Q-11|8621,11728|5384,11762|55,-1,-1,-1,-1|70,-1,-1,-1,-1
Q-12|5292,6283|10319,6482|85,-1,-1,-1,-1|60,-1,-1,-1,-1
Q-13|9404,7772|11940,10104|6,-1,-1,-1,-1|55,-1,-1,-1,-1
Q-14|6070,11153|11727,11228|45,-1,-1,-1,-1|100,-1,-1,-1,-1
Q-15|11885,5411|11999,11098|65,-1,-1,-1,-1|0,-1,-1,-1,-1
Q-16|11559,7023|11851,5449|140,-1,-1,-1,-1|46,-1,-1,-1,-1
Q-17|10315,5391|5383,8529|45,-1,-1,-1,-1|45,-1,-1,-1,-1
Q-18|11846,11987|10031,5385|58,-1,-1,-1,-1|100,-1,-1,-1,-1
Q-19|5980,11727|10319,7772|100,-1,-1,-1,-1|37,-1,-1,-1,-1
Q-20|11999,11728|6070,6482|15,-1,-1,-1,-1|50,-1,-1,-1,-1
Q-21|5384,9366|11559,11153|65,-1,-1,-1,-1|20,-1,-1,-1,-1
Q-22|5292,11940|8529,10818|41,-1,-1,-1,-1|45,-1,-1,-1,-1
Q-23|11098,11851|8621,11846|40,-1,-1,-1,-1|60,-1,-1,-1,-1
Q-24|5411,10315|5385,9404|55,-1,-1,-1,-1|80,-1,-1,-1,-1
Q-25|10104,5391|6283,11987|160,-1,-1,-1,-1|115,-1,-1,-1,-1
Q-26|11228,10031|5383,7023|60,-1,-1,-1,-1|225,-1,-1,-1,-1
Q-27|11762,5449|9221,11885|40,-1,-1,-1,-1|50,-1,-1,-1,-1
Q-28|11846,8529|11153,11999|51,-1,-1,-1,-1|35,-1,-1,-1,-1
Q-29|9366,10315|7772,5292|57,-1,-1,-1,-1|16,-1,-1,-1,-1
Q-30|5980,11559|11940,6070|80,-1,-1,-1,-1|55,-1,-1,-1,-1
Q-31|10818,5384|5391,10031|65,-1,-1,-1,-1|56,-1,-1,-1,-1
Q-32|11762,11851|5385,11228|44,-1,-1,-1,-1|115,-1,-1,-1,-1
Q-33|8621,10319|10104,5411|25,-1,-1,-1,-1|70,-1,-1,-1,-1
Q-34|9404,11727|5449,11987|10,-1,-1,-1,-1|61,-1,-1,-1,-1
Q-35|11098,6482|7023,9221|76,-1,-1,-1,-1|180,-1,-1,-1,-1
Q-36|5383,11728|6283,11885|75,-1,-1,-1,-1|85,-1,-1,-1,-1
Q-37|10818,5385|11999,11559|60,-1,-1,-1,-1|30,-1,-1,-1,-1
Q-38|9366,8621|5391,11228|80,-1,-1,-1,-1|105,-1,-1,-1,-1
Q-39|11153,5411|11762,5292|35,-1,-1,-1,-1|30,-1,-1,-1,-1
Q-40|9221,11987|6070,7772|66,-1,-1,-1,-1|16,-1,-1,-1,-1
Q-41|10104,6482|5383,5980|25,-1,-1,-1,-1|95,-1,-1,-1,-1
Q-42|10031,10319|11728,11098|40,-1,-1,-1,-1|28,-1,-1,-1,-1
Q-43|11846,7023|9404,11885|65,-1,-1,-1,-1|91,-1,-1,-1,-1
Q-44|11940,6283|10315,5449|70,-1,-1,-1,-1|52,-1,-1,-1,-1
Q-45|8529,5384|11851,11727|55,-1,-1,-1,-1|39,-1,-1,-1,-1
SF-1-1|5384,7023|6283,5391|140,-1,-1,-1,-1|190,-1,-1,-1,-1
SF-2-1|11885,11228|5980,5383|105,-1,-1,-1,-1|85,-1,-1,-1,-1
SF-1-2|5384,7023|6283,5391|150,-1,-1,-1,-1|135,-1,-1,-1,-1
SF-2-2|11885,11228|5980,5383|90,-1,-1,-1,-1|155,-1,-1,-1,-1
SF-1-3|5384,7023|6283,5391|85,-1,-1,-1,-1|125,-1,-1,-1,-1
SF-2-3|11885,11228|5980,5383|100,-1,-1,-1,-1|95,-1,-1,-1,-1
F-1|6283,5391|11885,11228|100,-1,-1,-1,-1|80,-1,-1,-1,-1
F-2|6283,5391|11885,11228|60,-1,-1,-1,-1|60,-1,-1,-1,-1
F-3|6283,5391|11885,11228|120,-1,-1,-1,-1|100,-1,-1,-1,-1
-THEREDDKING-,Great Lakes Bay ,11/12/16 07:30:54 PM,Michigan
Q-1|8593,12184|9720,11933|50,-1,-1,-1,-1|37,-1,-1,-1,-1
Q-2|10615,10779|10699,10713|22,-1,-1,-1,-1|0,-1,-1,-1,-1
Q-3|10202,5386|6294,5957|40,-1,-1,-1,-1|135,-1,-1,-1,-1
Q-4|10601,11932|10844,6134|41,-1,-1,-1,-1|10,-1,-1,-1,-1
Q-5|10757,10698|9931,10484|0,-1,-1,-1,-1|40,-1,-1,-1,-1
Q-6|5290,11767|10653,11691|70,-1,-1,-1,-1|110,-1,-1,-1,-1
Q-7|10438,11244|9020,10180|5,-1,-1,-1,-1|90,-1,-1,-1,-1
Q-8|10309,10805|10297,8369|92,-1,-1,-1,-1|41,-1,-1,-1,-1
Q-9|8240,8533|8239,10615|55,-1,-1,-1,-1|43,-1,-1,-1,-1
Q-10|10699,12184|5290,10601|37,-1,-1,-1,-1|80,-1,-1,-1,-1
Q-11|10779,6134|5386,10698|45,-1,-1,-1,-1|20,-1,-1,-1,-1
Q-12|11691,6294|9931,9720|85,-1,-1,-1,-1|80,-1,-1,-1,-1
Q-13|10309,11933|11932,10484|60,-1,-1,-1,-1|10,-1,-1,-1,-1
Q-14|8593,10653|10713,9020|100,-1,-1,-1,-1|0,-1,-1,-1,-1
Q-15|8240,10844|10757,10438|25,-1,-1,-1,-1|20,-1,-1,-1,-1
Q-16|10297,8533|10202,11767|31,-1,-1,-1,-1|20,-1,-1,-1,-1
Q-17|8239,11244|8369,5957|47,-1,-1,-1,-1|95,-1,-1,-1,-1
Q-18|10180,11933|10805,10615|51,-1,-1,-1,-1|0,-1,-1,-1,-1
Q-19|10438,9931|11932,10779|80,-1,-1,-1,-1|63,-1,-1,-1,-1
Q-20|10297,6294|10698,8240|36,-1,-1,-1,-1|30,-1,-1,-1,-1
Q-21|8593,11244|10309,11691|85,-1,-1,-1,-1|105,-1,-1,-1,-1
Q-22|8369,10713|5290,10202|45,-1,-1,-1,-1|100,-1,-1,-1,-1
Q-23|9020,10805|8239,10484|3,-1,-1,-1,-1|42,-1,-1,-1,-1
Q-24|10757,11767|10699,6134|30,-1,-1,-1,-1|11,-1,-1,-1,-1
Q-25|5957,10180|12184,10844|130,-1,-1,-1,-1|20,-1,-1,-1,-1
Q-26|10653,8533|5386,9720|120,-1,-1,-1,-1|53,-1,-1,-1,-1
Q-27|10601,10713|6294,10438|10,-1,-1,-1,-1|40,-1,-1,-1,-1
Q-28|10757,11691|10779,9020|75,-1,-1,-1,-1|0,-1,-1,-1,-1
Q-29|11932,10699|8239,10180|10,-1,-1,-1,-1|50,-1,-1,-1,-1
Q-30|5957,9931|8593,8533|100,-1,-1,-1,-1|125,-1,-1,-1,-1
Q-31|10297,10844|11244,11933|30,-1,-1,-1,-1|63,-1,-1,-1,-1
Q-32|10309,5290|6134,8240|115,-1,-1,-1,-1|30,-1,-1,-1,-1
Q-33|10805,9720|10202,10601|54,-1,-1,-1,-1|30,-1,-1,-1,-1
Q-34|10615,10698|10653,12184|15,-1,-1,-1,-1|40,-1,-1,-1,-1
Q-35|10484,8369|5386,11767|80,-1,-1,-1,-1|50,-1,-1,-1,-1
Q-36|10779,6294|8593,5290|80,-1,-1,-1,-1|40,-1,-1,-1,-1
Q-37|10438,6134|11933,10202|35,-1,-1,-1,-1|40,-1,-1,-1,-1
Q-38|10309,8239|10713,10757|72,-1,-1,-1,-1|20,-1,-1,-1,-1
Q-39|9931,5386|10297,12184|60,-1,-1,-1,-1|21,-1,-1,-1,-1
Q-40|10699,11691|8533,10844|106,-1,-1,-1,-1|95,-1,-1,-1,-1
Q-41|9020,10601|8369,10698|70,-1,-1,-1,-1|15,-1,-1,-1,-1
Q-42|9720,10615|11244,11932|10,-1,-1,-1,-1|119,-1,-1,-1,-1
Q-43|10484,8240|10180,10653|45,-1,-1,-1,-1|40,-1,-1,-1,-1
Q-44|5957,11767|10805,10438|70,-1,-1,-1,-1|47,-1,-1,-1,-1
SF-1-1|11691,5290|8533,8593|110,-1,-1,-1,-1|50,-1,-1,-1,-1
SF-2-1|6294,5957|10309,10615|125,-1,-1,-1,-1|95,-1,-1,-1,-1
SF-1-2|11691,5290|8533,8593|80,-1,-1,-1,-1|75,-1,-1,-1,-1
SF-2-2|6294,5957|10309,10615|155,-1,-1,-1,-1|30,-1,-1,-1,-1
F-1|11691,5290|6294,5957|120,-1,-1,-1,-1|60,-1,-1,-1,-1
F-2|11691,5290|6294,5957|115,-1,-1,-1,-1|70,-1,-1,-1,-1
-THEREDDKING-,Howell_Qualifier,12/03/16 07:23:36 PM,Michigan
Q-1|11705,11360|11618,8688|30,-1,-1,-1,-1|105,-1,-1,-1,-1
Q-2|11367,6225|10803,8593|10,-1,-1,-1,-1|40,-1,-1,-1,-1
Q-3|8533,5290|11356,11305|135,-1,-1,-1,-1|47,-1,-1,-1,-1
Q-4|7693,10016|7140,11617|60,-1,-1,-1,-1|15,-1,-1,-1,-1
Q-5|11637,7688|10019,11729|35,-1,-1,-1,-1|30,-1,-1,-1,-1
Q-6|5957,10538|10614,7031|180,-1,-1,-1,-1|10,-1,-1,-1,-1
Q-7|8531,11739|8646,10546|35,-1,-1,-1,-1|55,-1,-1,-1,-1
Q-8|7643,10805|11129,9020|21,-1,-1,-1,-1|45,-1,-1,-1,-1
Q-9|11193,10545|11691,10812|30,-1,-1,-1,-1|65,-1,-1,-1,-1
Q-10|7140,8688|8533,10019|110,-1,-1,-1,-1|240,-1,-1,-1,-1
Q-11|11637,11618|10803,5290|45,-1,-1,-1,-1|105,-1,-1,-1,-1
Q-12|7688,10538|8531,7693|90,-1,-1,-1,-1|35,-1,-1,-1,-1
Q-13|10016,9020|11705,5957|60,-1,-1,-1,-1|55,-1,-1,-1,-1
Q-14|10614,11691|8646,6225|70,-1,-1,-1,-1|35,-1,-1,-1,-1
Q-15|10805,10812|11360,8593|22,-1,-1,-1,-1|50,-1,-1,-1,-1
Q-16|11617,7031|7643,11367|20,-1,-1,-1,-1|85,-1,-1,-1,-1
Q-17|10545,11129|11356,10546|25,-1,-1,-1,-1|50,-1,-1,-1,-1
Q-18|11729,11305|11739,11193|5,-1,-1,-1,-1|100,-1,-1,-1,-1
Q-19|8688,9020|8531,10614|110,-1,-1,-1,-1|115,-1,-1,-1,-1
Q-20|8533,11705|10812,7688|70,-1,-1,-1,-1|46,-1,-1,-1,-1
Q-21|8646,11367|7140,5290|80,-1,-1,-1,-1|135,-1,-1,-1,-1
Q-22|7031,10805|11691,10019|32,-1,-1,-1,-1|80,-1,-1,-1,-1
Q-23|11618,10545|11739,10538|20,-1,-1,-1,-1|165,-1,-1,-1,-1
Q-24|11360,11305|7693,6225|72,-1,-1,-1,-1|175,-1,-1,-1,-1
Q-25|11617,8593|11129,11193|95,-1,-1,-1,-1|80,-1,-1,-1,-1
Q-26|11356,10016|11729,10803|20,-1,-1,-1,-1|40,-1,-1,-1,-1
Q-27|7643,10546|11637,5957|35,-1,-1,-1,-1|120,-1,-1,-1,-1
Q-28|11691,7688|8688,11739|65,-1,-1,-1,-1|90,-1,-1,-1,-1
Q-29|10019,10538|9020,8646|70,-1,-1,-1,-1|35,-1,-1,-1,-1
Q-30|8593,8533|10545,7031|155,-1,-1,-1,-1|20,-1,-1,-1,-1
Q-31|10614,11360|11193,11367|80,-1,-1,-1,-1|85,-1,-1,-1,-1
Q-32|10803,7693|10812,7643|85,-1,-1,-1,-1|50,-1,-1,-1,-1
Q-33|6225,11356|11637,7140|25,-1,-1,-1,-1|50,-1,-1,-1,-1
Q-34|11729,5957|11618,11617|40,-1,-1,-1,-1|20,-1,-1,-1,-1
Q-35|10546,11305|10016,10805|21,-1,-1,-1,-1|61,-1,-1,-1,-1
Q-36|8531,11129|11705,5290|40,-1,-1,-1,-1|75,-1,-1,-1,-1
Q-37|10019,11739|8593,7693|35,-1,-1,-1,-1|110,-1,-1,-1,-1
Q-38|11691,11367|10538,8533|60,-1,-1,-1,-1|130,-1,-1,-1,-1
Q-39|8646,11193|7031,11356|85,-1,-1,-1,-1|5,-1,-1,-1,-1
Q-40|7140,10812|10546,11618|25,-1,-1,-1,-1|30,-1,-1,-1,-1
Q-41|8531,6225|10805,11729|40,-1,-1,-1,-1|33,-1,-1,-1,-1
Q-42|5290,11360|9020,11617|85,-1,-1,-1,-1|30,-1,-1,-1,-1
Q-43|10803,5957|7688,11129|136,-1,-1,-1,-1|55,-1,-1,-1,-1
Q-44|7643,11705|11305,10614|25,-1,-1,-1,-1|71,-1,-1,-1,-1
Q-45|10545,8688|10016,11637|65,-1,-1,-1,-1|105,-1,-1,-1,-1
SF-1-1|8533,5290|10803,11129|185,-1,-1,-1,-1|26,-1,-1,-1,-1
SF-2-1|8593,7693|10538,5957|185,-1,-1,-1,-1|150,-1,-1,-1,-1
SF-1-2|8533,5290|10803,11129|195,-1,-1,-1,-1|10,-1,-1,-1,-1
SF-2-2|8593,7693|10538,5957|140,-1,-1,-1,-1|105,-1,-1,-1,-1
F-1|8533,5290|8593,7693|170,-1,-1,-1,-1|190,-1,-1,-1,-1
F-2|8533,5290|8593,7693|210,-1,-1,-1,-1|60,-1,-1,-1,-1
F-3|8533,5290|8593,7693|185,-1,-1,-1,-1|225,-1,-1,-1,-1
-THEREDDKING-,Kettering,12/03/16 06:36:40 PM,Michigan
Q-1|10653,12021|11230,5291|0,-1,-1,-1,-1|115,-1,-1,-1,-1
Q-2|7067,10849|10911,10713|40,-1,-1,-1,-1|15,-1,-1,-1,-1
Q-3|11860,7138|5976,10058|180,-1,-1,-1,-1|80,-1,-1,-1,-1
Q-4|8206,10372|8935,12068|115,-1,-1,-1,-1|80,-1,-1,-1,-1
Q-5|10250,10757|7066,11307|11,-1,-1,-1,-1|70,-1,-1,-1,-1
Q-6|5289,10699|11181,9933|52,-1,-1,-1,-1|10,-1,-1,-1,-1
Q-7|8580,7065|9500,10671|50,-1,-1,-1,-1|45,-1,-1,-1,-1
Q-8|9514,11231|8478,10813|80,-1,-1,-1,-1|10,-1,-1,-1,-1
Q-9|11860,12068|10713,11230|31,-1,-1,-1,-1|26,-1,-1,-1,-1
Q-10|7066,10372|7138,10653|5,-1,-1,-1,-1|45,-1,-1,-1,-1
Q-11|9933,9500|10757,8206|11,-1,-1,-1,-1|35,-1,-1,-1,-1
Q-12|5291,5976|11231,7065|65,-1,-1,-1,-1|55,-1,-1,-1,-1
Q-13|9514,10250|11181,7067|46,-1,-1,-1,-1|10,-1,-1,-1,-1
Q-14|10911,10671|11307,5289|20,-1,-1,-1,-1|115,-1,-1,-1,-1
Q-15|10058,10813|8935,10849|20,-1,-1,-1,-1|81,-1,-1,-1,-1
Q-16|12021,8478|10699,8580|35,-1,-1,-1,-1|56,-1,-1,-1,-1
Q-17|11230,9500|11231,10250|42,-1,-1,-1,-1|45,-1,-1,-1,-1
Q-18|8206,10671|5976,9514|85,-1,-1,-1,-1|35,-1,-1,-1,-1
Q-19|5289,10058|7066,5291|25,-1,-1,-1,-1|130,-1,-1,-1,-1
Q-20|8580,10713|11181,10813|30,-1,-1,-1,-1|20,-1,-1,-1,-1
Q-21|9933,7065|10911,10372|75,-1,-1,-1,-1|25,-1,-1,-1,-1
Q-22|7138,12068|7067,8478|155,-1,-1,-1,-1|50,-1,-1,-1,-1
Q-23|11860,11307|12021,10849|20,-1,-1,-1,-1|30,-1,-1,-1,-1
Q-24|10653,8935|10757,10699|55,-1,-1,-1,-1|35,-1,-1,-1,-1
Q-25|8206,7066|11231,8580|100,-1,-1,-1,-1|45,-1,-1,-1,-1
Q-26|9933,10713|9514,10058|31,-1,-1,-1,-1|80,-1,-1,-1,-1
Q-27|10849,10671|7138,11230|45,-1,-1,-1,-1|75,-1,-1,-1,-1
Q-28|7067,10372|11307,10699|30,-1,-1,-1,-1|55,-1,-1,-1,-1
Q-29|5291,10911|11860,10250|40,-1,-1,-1,-1|21,-1,-1,-1,-1
Q-30|9500,10813|10653,12068|65,-1,-1,-1,-1|25,-1,-1,-1,-1
Q-31|8478,11181|7065,10757|0,-1,-1,-1,-1|75,-1,-1,-1,-1
Q-32|5976,8935|12021,5289|105,-1,-1,-1,-1|65,-1,-1,-1,-1
Q-33|7067,10058|11231,10671|40,-1,-1,-1,-1|40,-1,-1,-1,-1
Q-34|10250,10653|8580,9933|76,-1,-1,-1,-1|0,-1,-1,-1,-1
Q-35|11307,7138|11181,8206|155,-1,-1,-1,-1|65,-1,-1,-1,-1
Q-36|10813,7065|5289,11860|90,-1,-1,-1,-1|35,-1,-1,-1,-1
Q-37|12021,12068|10911,7066|40,-1,-1,-1,-1|25,-1,-1,-1,-1
Q-38|5291,10713|8935,8478|90,-1,-1,-1,-1|110,-1,-1,-1,-1
Q-39|10757,11230|5976,10372|85,-1,-1,-1,-1|55,-1,-1,-1,-1
Q-40|10699,10849|9514,9500|31,-1,-1,-1,-1|36,-1,-1,-1,-1
SF-1-1|7138,8935|7065,8478|95,-1,-1,-1,-1|60,-1,-1,-1,-1
SF-2-1|8206,10813|5291,9514|101,-1,-1,-1,-1|90,-1,-1,-1,-1
SF-1-2|7138,8935|7065,8478|105,-1,-1,-1,-1|100,-1,-1,-1,-1
SF-2-2|8206,10813|5291,9514|95,-1,-1,-1,-1|110,-1,-1,-1,-1
SF-2-3|8206,10813|5291,9514|110,-1,-1,-1,-1|100,-1,-1,-1,-1
F-1|7138,8935|8206,10813|145,-1,-1,-1,-1|90,-1,-1,-1,-1
F-2|7138,8935|8206,10813|75,-1,-1,-1,-1|40,-1,-1,-1,-1
-THEREDDKING-,Marysville FTC Qualifier,11/19/16 06:45:13 PM,Michigan
Q-1|10611,11489|7253,8935|10,-1,-1,-1,-1|165,-1,-1,-1,-1
Q-2|8787,10016|8580,12072|85,-1,-1,-1,-1|25,-1,-1,-1,-1
Q-3|11196,10425|7065,7045|25,-1,-1,-1,-1|60,-1,-1,-1,-1
Q-4|11360,11520|11230,7066|35,-1,-1,-1,-1|10,-1,-1,-1,-1
Q-5|5291,7048|9496,8688|110,-1,-1,-1,-1|30,-1,-1,-1,-1
Q-6|9861,8845|8615,9819|85,-1,-1,-1,-1|120,-1,-1,-1,-1
Q-7|10614,11231|8133,10019|145,-1,-1,-1,-1|31,-1,-1,-1,-1
Q-8|7067,11394|7043,7254|65,-1,-1,-1,-1|60,-1,-1,-1,-1
Q-9|7138,11717|9572,7049|65,-1,-1,-1,-1|66,-1,-1,-1,-1
Q-10|11520,5291|7045,12072|50,-1,-1,-1,-1|100,-1,-1,-1,-1
Q-11|11230,8935|7048,8787|120,-1,-1,-1,-1|40,-1,-1,-1,-1
Q-12|9819,7065|9496,11489|50,-1,-1,-1,-1|30,-1,-1,-1,-1
Q-13|8615,7067|7253,10614|20,-1,-1,-1,-1|60,-1,-1,-1,-1
Q-14|11717,7043|10425,10019|65,-1,-1,-1,-1|45,-1,-1,-1,-1
Q-15|8133,11394|7138,11196|65,-1,-1,-1,-1|75,-1,-1,-1,-1
Q-16|10016,7049|10611,9861|90,-1,-1,-1,-1|45,-1,-1,-1,-1
Q-17|11231,9572|11360,8845|50,-1,-1,-1,-1|80,-1,-1,-1,-1
Q-18|8580,8688|7066,7254|145,-1,-1,-1,-1|75,-1,-1,-1,-1
Q-19|9496,12072|8935,10425|10,-1,-1,-1,-1|40,-1,-1,-1,-1
Q-20|10019,11394|11520,8615|40,-1,-1,-1,-1|25,-1,-1,-1,-1
Q-21|9861,11489|11717,8787|15,-1,-1,-1,-1|60,-1,-1,-1,-1
Q-22|5291,11230|8133,9572|130,-1,-1,-1,-1|52,-1,-1,-1,-1
Q-23|9819,10614|7138,7066|125,-1,-1,-1,-1|30,-1,-1,-1,-1
Q-24|8688,10016|11231,7067|90,-1,-1,-1,-1|50,-1,-1,-1,-1
Q-25|8580,8845|11196,7049|100,-1,-1,-1,-1|70,-1,-1,-1,-1
Q-26|11360,10611|7045,7254|35,-1,-1,-1,-1|125,-1,-1,-1,-1
Q-27|7253,7065|7043,7048|80,-1,-1,-1,-1|125,-1,-1,-1,-1
Q-28|10425,9861|10614,11230|26,-1,-1,-1,-1|76,-1,-1,-1,-1
Q-29|8935,10019|5291,7067|55,-1,-1,-1,-1|75,-1,-1,-1,-1
Q-30|8615,11717|11231,7066|65,-1,-1,-1,-1|25,-1,-1,-1,-1
Q-31|7254,9496|10016,11196|60,-1,-1,-1,-1|75,-1,-1,-1,-1
Q-32|8787,9572|11520,7065|5,-1,-1,-1,-1|81,-1,-1,-1,-1
Q-33|8845,7253|11394,8688|125,-1,-1,-1,-1|55,-1,-1,-1,-1
Q-34|7043,7049|11489,11360|95,-1,-1,-1,-1|10,-1,-1,-1,-1
Q-35|12072,7138|10611,7048|35,-1,-1,-1,-1|80,-1,-1,-1,-1
Q-36|7045,8133|8580,9819|30,-1,-1,-1,-1|70,-1,-1,-1,-1
Q-37|11196,9861|11520,11231|25,-1,-1,-1,-1|44,-1,-1,-1,-1
Q-38|10016,11230|8845,10019|75,-1,-1,-1,-1|30,-1,-1,-1,-1
Q-39|11489,7254|10614,5291|65,-1,-1,-1,-1|155,-1,-1,-1,-1
Q-40|7065,7138|8615,8935|125,-1,-1,-1,-1|65,-1,-1,-1,-1
Q-41|9819,7043|12072,9572|130,-1,-1,-1,-1|16,-1,-1,-1,-1
Q-42|8580,9496|7067,10611|70,-1,-1,-1,-1|55,-1,-1,-1,-1
Q-43|7049,7045|8787,8688|40,-1,-1,-1,-1|100,-1,-1,-1,-1
Q-44|7253,7066|8133,10425|80,-1,-1,-1,-1|57,-1,-1,-1,-1
Q-45|11360,7048|11717,11394|40,-1,-1,-1,-1|110,-1,-1,-1,-1
SF-1-1|10016,8845|5291,11230|60,-1,-1,-1,-1|25,-1,-1,-1,-1
SF-2-1|9819,10614|8580,8688|100,-1,-1,-1,-1|90,-1,-1,-1,-1
SF-1-2|10016,8845|5291,11230|95,-1,-1,-1,-1|80,-1,-1,-1,-1
SF-2-2|9819,10614|8580,8688|125,-1,-1,-1,-1|145,-1,-1,-1,-1
SF-2-3|9819,10614|8580,8688|95,-1,-1,-1,-1|115,-1,-1,-1,-1
F-1|10016,8845|8580,8688|105,-1,-1,-1,-1|20,-1,-1,-1,-1
F-2|10016,8845|8580,8688|30,-1,-1,-1,-1|135,-1,-1,-1,-1
F-3|10016,8845|8580,8688|155,-1,-1,-1,-1|65,-1,-1,-1,-1
-THEREDDKING-,Mason Qualifier,11/19/16 07:32:27 PM,Michigan
Q-1|11244,10645|10644,6811|45,-1,-1,-1,-1|25,-1,-1,-1,-1
Q-2|8613,8646|7479,12362|50,-1,-1,-1,-1|10,-1,-1,-1,-1
Q-3|6283,7688|7047,7360|40,-1,-1,-1,-1|45,-1,-1,-1,-1
Q-4|7085,10297|10538,11129|15,-1,-1,-1,-1|60,-1,-1,-1,-1
Q-5|11729,7445|8027,10315|50,-1,-1,-1,-1|12,-1,-1,-1,-1
Q-6|10255,11637|6359,8734|30,-1,-1,-1,-1|20,-1,-1,-1,-1
Q-7|5663,9070|9297,11617|20,-1,-1,-1,-1|15,-1,-1,-1,-1
Q-8|5980,10552|7792,11618|25,-1,-1,-1,-1|20,-1,-1,-1,-1
Q-9|11713,7668|6079,8613|0,-1,-1,-1,-1|30,-1,-1,-1,-1
Q-10|7479,10255|10538,6283|105,-1,-1,-1,-1|45,-1,-1,-1,-1
Q-11|11617,6359|11729,6811|32,-1,-1,-1,-1|5,-1,-1,-1,-1
Q-12|7445,10645|10552,7688|10,-1,-1,-1,-1|40,-1,-1,-1,-1
Q-13|10644,10297|9070,8734|45,-1,-1,-1,-1|50,-1,-1,-1,-1
Q-14|7668,7360|11618,11244|40,-1,-1,-1,-1|55,-1,-1,-1,-1
Q-15|8646,11637|10315,5663|65,-1,-1,-1,-1|10,-1,-1,-1,-1
Q-16|7047,7085|8027,11713|50,-1,-1,-1,-1|20,-1,-1,-1,-1
Q-17|11129,12362|5980,9297|0,-1,-1,-1,-1|47,-1,-1,-1,-1
Q-18|6079,10538|7792,11617|75,-1,-1,-1,-1|5,-1,-1,-1,-1
Q-19|10255,11244|9070,10552|110,-1,-1,-1,-1|11,-1,-1,-1,-1
Q-20|8027,6811|8646,8734|0,-1,-1,-1,-1|80,-1,-1,-1,-1
Q-21|6359,11618|7479,7047|5,-1,-1,-1,-1|55,-1,-1,-1,-1
Q-22|6283,11729|12362,7792|10,-1,-1,-1,-1|40,-1,-1,-1,-1
Q-23|5980,7360|10645,10297|15,-1,-1,-1,-1|65,-1,-1,-1,-1
Q-24|6079,9297|11637,7445|77,-1,-1,-1,-1|25,-1,-1,-1,-1
Q-25|5663,7688|11129,8613|30,-1,-1,-1,-1|5,-1,-1,-1,-1
Q-26|7085,10315|7668,10644|36,-1,-1,-1,-1|30,-1,-1,-1,-1
Q-27|11713,8734|11617,7360|30,-1,-1,-1,-1|35,-1,-1,-1,-1
Q-28|7479,9297|11244,8027|37,-1,-1,-1,-1|40,-1,-1,-1,-1
Q-29|7688,10538|8646,11729|55,-1,-1,-1,-1|60,-1,-1,-1,-1
Q-30|8613,7047|10297,11637|65,-1,-1,-1,-1|45,-1,-1,-1,-1
Q-31|12362,11618|7085,5663|27,-1,-1,-1,-1|35,-1,-1,-1,-1
Q-32|10315,10552|6283,11713|50,-1,-1,-1,-1|35,-1,-1,-1,-1
Q-33|6359,7668|9070,10645|40,-1,-1,-1,-1|55,-1,-1,-1,-1
Q-34|7792,6811|11129,7445|55,-1,-1,-1,-1|45,-1,-1,-1,-1
Q-35|10644,5980|10255,6079|80,-1,-1,-1,-1|115,-1,-1,-1,-1
Q-36|12362,11617|7688,11244|30,-1,-1,-1,-1|25,-1,-1,-1,-1
Q-37|11729,8734|10645,5663|10,-1,-1,-1,-1|15,-1,-1,-1,-1
Q-38|11637,11129|7360,7479|15,-1,-1,-1,-1|35,-1,-1,-1,-1
Q-39|8646,7445|10297,11713|71,-1,-1,-1,-1|35,-1,-1,-1,-1
Q-40|7792,10255|9297,10315|95,-1,-1,-1,-1|30,-1,-1,-1,-1
Q-41|6283,9070|7085,5980|75,-1,-1,-1,-1|80,-1,-1,-1,-1
Q-42|8027,10552|6079,6359|30,-1,-1,-1,-1|90,-1,-1,-1,-1
Q-43|8613,11618|10538,10644|15,-1,-1,-1,-1|90,-1,-1,-1,-1
Q-44|7047,6811|7668,10255|45,-1,-1,-1,-1|80,-1,-1,-1,-1
SF-1-1|10255,8646|10645,5663|145,-1,-1,-1,-1|100,-1,-1,-1,-1
SF-1-2|10255,8646|10645,5663|140,-1,-1,-1,-1|50,-1,-1,-1,-1
SF-2-1|6079,7047|7085,6283|65,-1,-1,-1,-1|50,-1,-1,-1,-1
SF-2-2|6079,7047|7085,6283|90,-1,-1,-1,-1|45,-1,-1,-1,-1
F-1|10255,8646|6079,7047|125,-1,-1,-1,-1|115,-1,-1,-1,-1
F-2|10255,8646|6079,7047|130,-1,-1,-1,-1|85,-1,-1,-1,-1
-THEREDDKING-,Novi Distric,11/19/16 06:19:28 PM,Michigan
Q-1|11176,11013|11305,11726|30,-1,-1,-1,-1|19,-1,-1,-1,-1
Q-2|11432,11340|6225,6294|25,-1,-1,-1,-1|40,-1,-1,-1,-1
Q-3|11632,11668|6155,9028|25,-1,-1,-1,-1|106,-1,-1,-1,-1
Q-4|11276,10210|11735,11749|31,-1,-1,-1,-1|51,-1,-1,-1,-1
Q-5|7255,10108|8753,11254|15,-1,-1,-1,-1|35,-1,-1,-1,-1
Q-6|10477,11679|9933,8492|90,-1,-1,-1,-1|35,-1,-1,-1,-1
Q-7|10280,10474|11870,11438|45,-1,-1,-1,-1|50,-1,-1,-1,-1
Q-8|9908,8487|8603,8376|145,-1,-1,-1,-1|10,-1,-1,-1,-1
Q-9|8377,11632|10812,11276|10,-1,-1,-1,-1|30,-1,-1,-1,-1
Q-10|11668,11340|10210,11013|35,-1,-1,-1,-1|10,-1,-1,-1,-1
Q-11|11432,10280|8753,11679|22,-1,-1,-1,-1|40,-1,-1,-1,-1
Q-12|9908,11176|10477,10108|80,-1,-1,-1,-1|105,-1,-1,-1,-1
Q-13|11305,11870|9933,10812|75,-1,-1,-1,-1|0,-1,-1,-1,-1
Q-14|9028,8377|11726,7255|10,-1,-1,-1,-1|30,-1,-1,-1,-1
Q-15|6294,8492|11438,8603|30,-1,-1,-1,-1|30,-1,-1,-1,-1
Q-16|11735,11254|6155,8487|65,-1,-1,-1,-1|101,-1,-1,-1,-1
Q-17|10474,11749|8376,6225|55,-1,-1,-1,-1|25,-1,-1,-1,-1
Q-18|10812,8753|11340,9908|20,-1,-1,-1,-1|45,-1,-1,-1,-1
Q-19|11870,11276|10108,11432|30,-1,-1,-1,-1|36,-1,-1,-1,-1
Q-20|8603,11632|11176,10280|30,-1,-1,-1,-1|30,-1,-1,-1,-1
Q-21|6294,11726|11749,11254|40,-1,-1,-1,-1|40,-1,-1,-1,-1
Q-22|8487,10477|9028,10210|80,-1,-1,-1,-1|0,-1,-1,-1,-1
Q-23|6155,8377|11013,11438|94,-1,-1,-1,-1|20,-1,-1,-1,-1
Q-24|8376,11679|11305,11668|20,-1,-1,-1,-1|47,-1,-1,-1,-1
Q-25|8492,11735|10474,7255|20,-1,-1,-1,-1|45,-1,-1,-1,-1
Q-26|6225,10108|9933,8603|40,-1,-1,-1,-1|25,-1,-1,-1,-1
Q-27|10477,11013|11276,8753|95,-1,-1,-1,-1|25,-1,-1,-1,-1
Q-28|11438,11668|11749,10812|30,-1,-1,-1,-1|17,-1,-1,-1,-1
Q-29|7255,11870|11679,11340|65,-1,-1,-1,-1|20,-1,-1,-1,-1
Q-30|11432,11305|8487,11632|38,-1,-1,-1,-1|10,-1,-1,-1,-1
Q-31|10280,6225|11254,8377|30,-1,-1,-1,-1|40,-1,-1,-1,-1
Q-32|11726,10210|8492,9908|30,-1,-1,-1,-1|80,-1,-1,-1,-1
Q-33|6294,8376|9028,11735|60,-1,-1,-1,-1|60,-1,-1,-1,-1
Q-34|11176,9933|6155,10474|40,-1,-1,-1,-1|90,-1,-1,-1,-1
Q-35|11749,8603|11679,8377|25,-1,-1,-1,-1|30,-1,-1,-1,-1
Q-36|11340,11254|10477,11632|30,-1,-1,-1,-1|95,-1,-1,-1,-1
Q-37|11305,11438|11276,6225|27,-1,-1,-1,-1|30,-1,-1,-1,-1
Q-38|10108,8487|11668,10474|15,-1,-1,-1,-1|75,-1,-1,-1,-1
Q-39|10812,6155|8492,8376|83,-1,-1,-1,-1|25,-1,-1,-1,-1
Q-40|6294,8753|11176,11870|35,-1,-1,-1,-1|60,-1,-1,-1,-1
Q-41|9933,10210|7255,11432|0,-1,-1,-1,-1|51,-1,-1,-1,-1
Q-42|11013,9028|9908,10280|0,-1,-1,-1,-1|70,-1,-1,-1,-1
Q-43|11735,10812|11726,11340|80,-1,-1,-1,-1|0,-1,-1,-1,-1
SF-1-1|6155,8487|9908,11735|40,-1,-1,-1,-1|130,-1,-1,-1,-1
SF-2-1|10477,11870|10474,10108|130,-1,-1,-1,-1|27,-1,-1,-1,-1
SF-1-2|6155,8487|9908,11735|65,-1,-1,-1,-1|45,-1,-1,-1,-1
SF-2-2|10477,11870|10474,10108|95,-1,-1,-1,-1|85,-1,-1,-1,-1
SF-1-3|6155,8487|9908,11735|60,-1,-1,-1,-1|90,-1,-1,-1,-1
F-1|9908,11735|10477,11870|150,-1,-1,-1,-1|110,-1,-1,-1,-1
F-2|9908,11735|10477,11870|95,-1,-1,-1,-1|80,-1,-1,-1,-1
-THEREDDKING-,Petoskey FTC Qualifier,11/12/16 04:45:29 PM,Michigan
Q-1|11276,10040|11735,10108|34,-1,-1,-1,-1|20,-1,-1,-1,-1
Q-2|11717,11861|7837,5976|25,-1,-1,-1,-1|10,-1,-1,-1,-1
Q-3|8487,10062|9221,10041|65,-1,-1,-1,-1|80,-1,-1,-1,-1
Q-4|11885,10474|10124,12075|35,-1,-1,-1,-1|0,-1,-1,-1,-1
Q-5|11708,8621|5954,10723|35,-1,-1,-1,-1|30,-1,-1,-1,-1
Q-6|12255,11276|5411,12075|40,-1,-1,-1,-1|5,-1,-1,-1,-1
Q-7|10062,10124|5976,10723|40,-1,-1,-1,-1|25,-1,-1,-1,-1
Q-8|10040,8621|10041,5411|52,-1,-1,-1,-1|30,-1,-1,-1,-1
Q-9|11885,9221|12255,11861|45,-1,-1,-1,-1|16,-1,-1,-1,-1
Q-10|7837,11735|10474,5954|85,-1,-1,-1,-1|40,-1,-1,-1,-1
Q-11|10108,11717|11708,8487|55,-1,-1,-1,-1|70,-1,-1,-1,-1
Q-12|10723,11735|11885,12075|80,-1,-1,-1,-1|20,-1,-1,-1,-1
Q-13|7837,8621|11276,10062|85,-1,-1,-1,-1|10,-1,-1,-1,-1
Q-14|10041,5976|10474,11708|50,-1,-1,-1,-1|80,-1,-1,-1,-1
Q-15|5411,11861|10124,8487|5,-1,-1,-1,-1|50,-1,-1,-1,-1
Q-16|5954,9221|11717,10040|100,-1,-1,-1,-1|45,-1,-1,-1,-1
Q-17|10108,10474|12255,8621|75,-1,-1,-1,-1|11,-1,-1,-1,-1
Q-18|10124,10041|11276,11717|5,-1,-1,-1,-1|72,-1,-1,-1,-1
Q-19|10723,5411|7837,9221|35,-1,-1,-1,-1|120,-1,-1,-1,-1
Q-20|11735,12255|5976,8487|50,-1,-1,-1,-1|90,-1,-1,-1,-1
Q-21|12075,10108|11861,5954|46,-1,-1,-1,-1|20,-1,-1,-1,-1
Q-22|10040,11708|11885,10062|50,-1,-1,-1,-1|25,-1,-1,-1,-1
Q-23|12075,5976|8621,9221|15,-1,-1,-1,-1|25,-1,-1,-1,-1
Q-24|10124,11708|12255,7837|20,-1,-1,-1,-1|60,-1,-1,-1,-1
Q-25|11861,10723|10474,10040|30,-1,-1,-1,-1|115,-1,-1,-1,-1
Q-26|11276,8487|5954,11885|70,-1,-1,-1,-1|30,-1,-1,-1,-1
Q-27|10062,11717|11735,5411|90,-1,-1,-1,-1|25,-1,-1,-1,-1
Q-28|10041,10723|10108,11885|30,-1,-1,-1,-1|60,-1,-1,-1,-1
SF-1-1|9221,7837|10040,8621|45,-1,-1,-1,-1|23,-1,-1,-1,-1
SF-2-1|8487,11276|11708,10474|60,-1,-1,-1,-1|15,-1,-1,-1,-1
SF-1-2|9221,7837|10040,8621|95,-1,-1,-1,-1|25,-1,-1,-1,-1
SF-2-2|8487,11276|11708,10474|55,-1,-1,-1,-1|75,-1,-1,-1,-1
SF-2-3|8487,11276|11708,10474|55,-1,-1,-1,-1|110,-1,-1,-1,-1
F-1|9221,7837|11708,10474|75,-1,-1,-1,-1|75,-1,-1,-1,-1
F-2|9221,7837|11708,10474|25,-1,-1,-1,-1|20,-1,-1,-1,-1
F-3|9221,7837|11708,10474|50,-1,-1,-1,-1|75,-1,-1,-1,-1
F-4|9221,7837|11708,10474|110,-1,-1,-1,-1|50,-1,-1,-1,-1
-THEREDDKING-,Bishop Kelley Qualifier,11/19/16 05:29:06 PM,Oklahoma
-THEREDDKING-,Gordon Cooper Qualifier,11/12/16 06:17:01 PM,Oklahoma
-THEREDDKING-,SWOSU Qualifier,10/29/16 06:25:30 PM,Oklahoma
-THEREDDKING-,AML- Diamonds - Meet 2,12/03/16 01:07:26 PM,Texas
Q-1|7079,4027|8424,11503|95,75,20,0,0|60,10,50,0,0
Q-2|3781,4546|4545,5764|105,40,65,0,0|90,25,65,0,0
Q-3|12237,12126|4798,6209|20,10,10,0,0|195,30,45,0,120
Q-4|4545,11503|4546,8424|85,40,45,0,0|70,40,30,0,0
Q-5|5764,4798|7079,6209|45,5,40,0,0|115,75,20,20,0
Q-6|12126,3781|4027,12237|70,40,30,0,0|20,0,20,0,0
Q-7|6209,8424|4545,4798|65,15,50,0,0|55,15,40,0,0
Q-8|3781,7079|12126,4546|50,45,5,0,0|90,40,50,0,0
Q-9|12237,5764|4027,11503|20,5,15,0,0|50,0,50,0,0
Q-10|6209,4546|8424,3781|95,40,55,0,0|55,30,25,0,0
Q-11|4027,4545|12237,7079|25,10,15,0,0|115,75,40,0,0
Q-12|12126,4798|11503,5764|6,5,1,0,0|75,10,65,0,0
Q-13|12237,6209|7079,4546|85,30,55,0,0|155,85,50,20,0
Q-14|8424,4545|12126,5764|105,60,45,0,0|31,10,21,0,0
Q-15|11503,4798|3781,4027|70,20,50,0,0|75,30,45,0,0
-THEREDDKING-,AML - Clubs Meet 2,12/03/16 04:32:17 PM,Texas
Q-1|9793,5767|5809,9053|0,0,0,0,0|75,20,55,0,0
Q-2|6504,12254|9048,8541|75,5,30,0,40|40,15,15,10,0
Q-3|4290,5815|6937,9793|55,10,45,0,0|5,5,0,0,0
Q-4|9048,5809|8541,5815|110,30,40,40,0|16,5,11,0,0
Q-5|4290,6937|6504,9053|25,5,20,0,0|70,25,45,0,0
Q-6|5767,6504|12254,5815|0,0,0,0,0|55,10,45,0,0
Q-7|9793,8541|5767,4290|35,0,15,20,0|35,5,30,0,0
Q-8|12254,5809|6937,9053|30,0,30,0,0|60,40,20,0,0
Q-9|9048,12254|4290,9793|95,30,65,0,0|45,5,20,20,0
Q-10|8541,9053|5815,6937|45,40,5,0,0|65,25,40,0,0
Q-11|6504,9048|5767,5809|105,15,50,0,40|15,5,10,0,0
Q-12|9053,9793|6504,8541|40,10,30,0,0|20,0,20,0,0
Q-13|5809,5815|4290,12254|50,25,25,0,0|35,5,30,0,0
Q-14|6937,5767|9048,9793|60,40,20,0,0|60,15,25,20,0
-THEREDDKING-,AML Clubs Meet 1,11/14/16 09:40:05 AM,Texas
Q-1|6937,9048|9053,5767|45,0,45,0,0|35,20,15,0,0
Q-2|5809,6504|8541,12254|10,10,0,0,0|40,0,40,0,0
Q-3|9793,5815|4290,6937|20,0,20,0,0|25,5,20,0,0
Q-4|4290,9053|5809,5767|60,5,55,0,0|5,5,0,0,0
Q-5|8541,5815|12254,9793|0,0,0,0,0|40,0,40,0,0
Q-6|9048,12254|6504,6937|50,30,20,0,0|35,5,30,0,0
Q-7|5809,9793|9053,6504|20,0,20,0,0|45,25,20,0,0
Q-8|4290,5815|9048,8541|21,10,11,0,0|90,30,40,20,0
Q-9|5767,4290|6504,12254|25,5,20,0,0|25,5,20,0,0
Q-10|8541,9793|9048,5767|60,0,40,20,0|90,60,30,0,0
Q-11|9053,5809|6937,5815|25,20,5,0,0|40,10,30,0,0
Q-12|5767,6504|5815,5809|5,5,0,0,0|50,10,40,0,0
Q-13|9053,6937|8541,4290|45,25,20,0,0|50,30,20,0,0
Q-14|12254,5809|9048,9793|0,0,0,0,0|65,0,65,0,0
-THEREDDKING-,AML Diamonds Meet 1,11/12/16 06:01:25 PM,Texas
Q-1|7653,12126|5764,6209|0,0,0,0,0|70,0,60,10,0
Q-2|4545,11503|4546,7079|75,35,40,0,0|30,0,30,0,0
Q-3|4798,8424|4027,3781|30,10,20,0,0|75,35,40,0,0
Q-4|7653,5764|7079,4545|30,0,30,0,0|55,30,25,0,0
Q-5|8424,6209|4798,4546|100,40,40,20,0|40,5,35,0,0
Q-6|11503,4027|12126,3781|45,5,40,0,0|90,5,45,0,40
Q-7|4798,7079|4546,7653|95,65,20,10,0|20,0,20,0,0
Q-8|4545,12126|8424,3781|20,5,15,0,0|35,5,30,0,0
Q-9|5764,4027|11503,6209|35,5,30,0,0|70,10,20,0,40
Q-10|7079,12126|4798,4545|50,30,20,0,0|45,15,30,0,0
Q-11|4027,4546|5764,3781|35,0,35,0,0|52,30,22,0,0
Q-12|7653,6209|11503,8424|30,30,0,0,0|95,35,60,0,0
Q-13|4545,4546|4027,12126|75,30,45,0,0|25,5,20,0,0
Q-14|5764,8424|11503,4798|40,10,30,0,0|75,20,55,0,0
Q-15|3781,6209|7653,7079|45,0,25,20,0|30,0,30,0,0
-THEREDDKING-,AML Hearts Meet 1,11/14/16 09:23:54 AM,Texas
Q-1|3708,11090|5628,6272|75,35,40,0,0|50,30,20,0,0
Q-2|11918,11093|11404,9875|52,10,42,0,0|10,5,5,0,0
Q-3|6710,8886|6210,11019|80,30,50,0,0|55,5,10,40,0
Q-4|11918,9875|11090,6272|30,30,0,0,0|100,5,55,0,40
Q-5|5628,6210|11019,11093|40,0,0,40,0|55,10,45,0,0
Q-6|8886,11404|6710,3708|50,20,30,0,0|55,0,55,0,0
Q-7|11019,6272|11093,9875|61,30,31,0,0|61,15,46,0,0
Q-8|5628,8886|11918,6710|35,15,20,0,0|30,0,30,0,0
Q-9|6210,11090|3708,11404|40,5,35,0,0|70,35,35,0,0
Q-10|6272,9875|5628,6710|40,15,25,0,0|70,40,30,0,0
Q-11|11090,11404|11019,8886|35,5,30,0,0|70,35,35,0,0
Q-12|3708,11918|11093,6210|60,35,25,0,0|77,45,32,0,0
Q-13|5628,11404|8886,6272|55,10,45,0,0|95,75,20,0,0
Q-14|6710,11093|11918,11090|84,40,44,0,0|0,0,0,0,0
Q-15|11019,9875|3708,6210|25,0,25,0,0|80,30,50,0,0
-THEREDDKING-,AML Hearts Meet 2,12/03/16 01:31:16 PM,Texas
Q-1|8886,11090|6210,11019|150,45,65,40,0|50,10,0,0,40
Q-2|11404,11093|6710,3708|80,15,25,0,40|50,15,35,0,0
Q-3|9875,11918|5628,6990|40,15,5,0,20|25,10,15,0,0
Q-4|6272,8886|11090,11404|90,45,25,20,0|95,15,40,0,40
Q-5|6990,6210|3708,9875|90,15,35,40,0|30,15,15,0,0
Q-6|11019,5628|6272,11093|50,10,0,0,40|80,25,55,0,0
Q-7|11918,3708|6710,11090|35,15,20,0,0|120,50,70,0,0
Q-8|9875,5628|8886,11404|10,5,5,0,0|145,60,45,40,0
Q-9|11918,6710|6210,6272|90,70,20,0,0|155,35,40,40,40
Q-10|11093,11019|6990,11404|21,10,11,0,0|55,25,30,0,0
Q-11|6210,3708|11918,5628|90,5,45,0,40|20,10,10,0,0
Q-12|6710,9875|11019,8886|85,40,45,0,0|80,25,15,40,0
Q-13|11090,6272|11093,6990|110,40,70,0,0|25,5,20,0,0
Q-14|11019,11404|6210,11918|55,25,30,0,0|20,0,10,0,10
Q-15|3708,6272|8886,9875|105,50,55,0,0|155,45,10,40,60
Q-16|6990,11090|5628,6710|60,5,55,0,0|125,65,0,0,60
Q-17|11093,9875|8886,11918|45,15,30,0,0|75,30,5,40,0
-THEREDDKING-,AML Spades Meet 1,11/12/16 01:43:32 PM,Texas
Q-1|8815,4812|4723,7797|10,0,10,0,0|0,0,0,0,0
Q-2|7161,7064|8814,6299|60,15,5,0,40|55,20,35,0,0
Q-3|11549,5998|11345,8048|50,0,50,0,0|11,0,1,10,0
Q-4|4812,7797|7064,6299|0,0,0,0,0|75,30,45,0,0
Q-5|5998,4723|11549,8814|0,0,0,0,0|70,20,50,0,0
Q-6|8048,8815|11345,7161|10,0,10,0,0|41,0,41,0,0
Q-7|7064,7797|11549,4723|20,0,20,0,0|20,0,20,0,0
Q-8|7161,6299|5998,8815|90,60,30,0,0|55,15,40,0,0
Q-9|8814,11345|4812,8048|100,30,60,10,0|0,0,0,0,0
Q-10|11549,7064|8815,7161|20,5,15,0,0|85,30,55,0,0
Q-11|4812,8814|7797,5998|50,20,30,0,0|15,0,15,0,0
Q-12|6299,8048|4723,11345|80,30,50,0,0|42,0,22,20,0
Q-13|8814,5998|8815,7064|60,30,30,0,0|80,35,45,0,0
Q-14|7797,11345|7161,4723|21,0,1,20,0|85,30,55,0,0
Q-15|11549,8048|4812,6299|40,0,40,0,0|90,60,30,0,0
-THEREDDKING-,AML Spades Meet 2,12/03/16 04:28:23 PM,Texas
Q-1|8815,7797|8048,7064|80,35,45,0,0|11,0,11,0,0
Q-2|5998,7161|11345,6299|105,45,60,0,0|135,90,45,0,0
Q-3|8814,4812|11549,8815|60,45,15,0,0|65,5,60,0,0
Q-4|8814,7161|4812,7797|210,35,45,0,130|25,0,25,0,0
Q-5|8048,5998|6299,11549|55,35,20,0,0|55,0,55,0,0
Q-6|7064,11549|11345,7161|5,5,0,0,0|60,0,60,0,0
Q-7|7797,6299|7064,4812|130,90,40,0,0|10,0,10,0,0
Q-8|8048,11345|5998,8814|11,10,1,0,0|80,20,60,0,0
Q-9|8815,6299|11549,7797|60,20,40,0,0|65,30,35,0,0
Q-10|5998,11345|8815,4812|30,5,25,0,0|85,40,45,0,0
Q-11|8814,8048|7161,7064|45,5,40,0,0|80,30,50,0,0
Q-12|7064,7797|11549,5998|35,10,25,0,0|110,0,70,0,40
Q-13|7161,6299|8815,8814|160,90,70,0,0|70,40,30,0,0
Q-14|11345,4812|8048,7797|20,0,20,0,0|10,5,5,0,0
